249
700
266
605
198
329
593
638
466
604
223
890
178
793
228
330
554
166
911
816
747
334
105
421
270
769
665
191
253
805
894
128
918
131
497
698
742
311
781
180
168
471
116
569
301
184
736
595
607
744
290
798
93
881
251
534
573
761
358
585
197
392
99
780
517
625
750
359
675
832
912
214
394
753
699
765
550
544
764
812
501
801
389
274
861
622
263
688
437
735
114
590
345
834
95
822
683
637
385
457
482
480
821
210
668
355
524
862
505
848
540
662
144
553
423
405
431
365
110
491
435
919
632
338
146
104
401
479
493
391
81
135
757
599
868
577
476
839
190
464
475
692
684
314
486
813
807
83
89
452
368
356
713
133
566
720
273
917
608
254
808
545
914
656
293
186
425
434
202
245
132
236
562
118
673
85
853
462
240
204
399
124
279
737
875
185
703
795
331
88
150
94
748
640
702
109
892
370
149
752
242
598
561
567
680
521
560
758
819
899
161
289
645
148
170
615
563
346
578
315
386
907
284
708
123
767
500
669
546
342
295
203
157
453
635
267
705
313
287
600
255
719
510
723
844
268
690
641
570
772
925
874
841
851
206
189
783
653
777
803
429
227
716
377
396
395
281
796
887
192
741
732
523
685
658
172
785
173
121
383
882
886
305
298
877
541
788
666
90
241
878
722
818
660
543
532
200
762
460
388
581
731
843
506
898
221
119
269
776
751
122
163
850
763
814
438
522
176
610
897
670
488
826
325
194
620
439
375
694
470
508
265
351
759
778
730
621
601
572
407
603
130
734
450
171
280
408
760
239
504
309
379
199
926
468
571
155
612
628
580
513
136
422
218
246
473
162
299
712
564
310
602
559
112
771
784
262
647
137
106
272
495
398
404
484
655
749
456
787
718
885
549
465
340
372
156
278
845
258
626
152
80
739
924
916
424
644
333
111
397
115
649
740
717
533
539
906
463
707
492
806
98
487
418
724
276
352
565
547
82
260
134
211
181
341
324
147
661
579
857
350
634
831
308
574
393
619
754
297
589
498
282
837
586
489
195
872
792
445
441
531
459
332
639
516
378
177
728
863
552
714
449
159
884
440
371
727
558
827
419
588
648
880
710
175
614
597
142
555
328
337
633
409
400
909
277
802
696
271
591
248
789
520
347
318
499
915
323
511
623
592
715
800
515
556
300
317
804
219
507
494
542
139
416
794
842
860
283
729
117
344
259
687
442
876
411
825
410
327
797
519
823
306
208
335
756
427
322
387
678
810
264
193
447
509
773
224
503
584
893
217
321
420
222
428
490
201
815
646
583
353
108
244
432
402
303
232
230
403
87
212
824
454
721
847
234
188
348
138
833
288
231
417
846
895
151
672
852
858
733
316
483
113
779
774
291
512
127
548
164
120
158
183
682
261
854
84
921
182
903
870
444
92
250
225
664
617
883
913
406
786
179
738
582
873
856
613
390
339
606
100
237
252
855
436
908
629
864
304
636
905
643
433
461
364
336
373
900
307
477
229
811
126
654
681
238
380
809
129
446
376
659
143
103
923
294
557
611
485
706
275
213
467
904
920
455
768
496
102
91
481
651
474
743
671
530
755
518
871
165
865
677
86
153
361
686
215
174
443
413
528
667
790
869
709
256
782
674
820
594
369
430
125
650
527
859
526
902
630
296
448
243
145
679
360
618
627
160
551
257
867
141
652
596
196
286
575
382
384
458
292
101
695
711
226
770
187
525
412
357
235
426
415
107
689
922
568
775
247
343
167
207
676
663
791
537
216
381
363
693
478
320
220
891
414
745
97
502
704
888
701
624
726
838
233
362
910
840
835
169
642
766
799
817
312
514
349
451
901
205
836
849
529
326
536
96
535
469
472
538
302
889
746
354
697
209
140
587
576
609
829
616
366
285
631
154
367
830
374
879
896
691
319
725
866
828
